2.452213 0.1645422 -0.02444931 0.01374226
2.729754 0.1699832 -0.02304197 0.0297065
2.923208 0.167631 -0.02084471  0.04567074
3.064447 0.1724336 -0.02185309 0.06163499
3.20001 0.1759209 -0.02279535  0.07759923
3.320818 0.1662351 -0.01869179 0.09356346
3.429879 0.1610928 -0.01879138 0.1095277
3.523362 0.1588419 -0.01691706 0.1254919
3.620599 0.1500689 -0.01588295 0.1414562
3.708656 0.1437114 -0.01396437 0.1574204
3.783447 0.1401372 -0.01428615 0.1733847
3.859588 0.1353165 -0.01396693 0.1893489
3.934747 0.1293577 -0.01165313 0.2053131
4.009187 0.1200663 -0.01086222 0.2212774
4.074397 0.1147014 -0.009244033 0.2372416
4.136182 0.1022083 -0.007344614 0.2532059
4.188308 0.09092057 -0.005271013 0.2691701
4.236135 0.08189901 -0.002926281 0.2851343
4.267907 0.07270029 -0.00230807  0.3010986
4.292867 0.06825535 -0.001294174 0.3170628
4.309859 0.06571046 -0.0009564077 0.3330271
4.319464 0.05981521 -2.250346e-05 0.3489913
4.327977 0.05908561 0.0003492413 0.3649556
4.33147 0.06290414 0.000800245 0.3809198
4.334865 0.07159951 0.001690537 0.396884
