1.871131 0.3978601 -0.03310718 0.01786742
2.231474 0.4673429 -0.03880274 0.03222598
2.44385 0.459689 -0.0433424 0.04658454
2.596002 0.4578524 -0.04798579 0.0609431
2.711762 0.4212334 -0.04332842 0.07530166
2.81763 0.4213881 -0.04214141 0.08966023
2.914263 0.4135368 -0.03744054 0.1040188
3.005619 0.3874657 -0.03401435 0.1183773
3.102915 0.3735969 -0.03116216 0.1327359
3.171742 0.3512703 -0.02671903 0.1470945
3.245273 0.3653999 -0.02896958 0.161453
3.313934 0.3386627 -0.02822976 0.1758116
3.371307 0.3605314 -0.03410355 0.1901701
3.444732 0.3520087 -0.02901115 0.2045287
3.500052 0.3543634 -0.02983999 0.2188873
3.561408 0.3415481 -0.02318777 0.2332458
3.626588 0.3120439 -0.02376941 0.2476044
3.675698 0.301536 -0.02568841 0.261963
3.741239 0.3131234 -0.02481655 0.2763215
3.783911 0.3043856 -0.02751415 0.2906801
3.832343 0.3076216 -0.02666661 0.3050386
3.834206 0.2888446 -0.02422263 0.2979399
3.889317 0.2828634 -0.02171079 0.3122984
3.941949 0.278632 -0.02029236 0.326657
3.994609 0.2695261 -0.01812477 0.3410156
4.039472 0.2517013 -0.01763013 0.3553741
4.079069 0.2449308 -0.01681771 0.3697327
4.129288 0.2214249 -0.01332634 0.3840912
4.172036 0.2035082 -0.0124604 0.3984498
4.206122 0.2020107 -0.01191139 0.4128084
4.245858 0.1776492 -0.008184649 0.4271669
4.283046 0.1635221 -0.006145779 0.4415255
4.312088 0.1538513 -0.004939564 0.455884
4.3463 0.1303019 -0.004798539 0.4702426
