2.45580823002716 1.10434798584614 -0.379437748227962 0.105
3.07740435816512 1.14951773825617 -0.387808288709077 0.125
3.58063476861348 1.00329706529961 -0.242230298437313 0.145
3.81818892165096 0.99809738159256 -0.260953169187982 0.165
4.02205360323628 0.968039837835942 -0.204129294098116 0.185
4.17760552070649 0.97709505837202 -0.233706396643999 0.205
4.40512830828199 0.978551569780794 -0.238395430380073 0.225
4.57229828943606 0.935690758921624 -0.209393388428601 0.245
4.66651144933598 0.918679176341966 -0.214178307846336 0.265
4.84747628175911 0.958240054268473 -0.235427426356814 0.285
5.06615297206793 0.926394145308468 -0.223260740335602 0.305
5.06330775653167 0.879949037658216 -0.191694528563585 0.325
5.18759804811438 0.909768266066764 -0.192928386350172 0.345
5.38021318766124 0.834953493590292 -0.196098452865313 0.365
5.51386080779823 0.784963195298654 -0.153995117241576 0.385
5.52961225284462 0.849238303552539 -0.193648874498254 0.405
5.69056047719862 0.794596817032908 -0.172792563866373 0.425
5.77589063364649 0.800090695838871 -0.190374591772423 0.445
5.96466717015342 0.77859086751901 -0.143335634228419 0.465
6.05925306055119 0.71574507551678 -0.113318728868898 0.485
6.08569559002154 0.761423861548959 -0.156583899326442 0.505
6.11840297110197 0.735548762068832 -0.164486780148357 0.525
6.31353234155133 0.669774330558157 -0.120567196019405 0.545
6.35194888358994 0.677075452522649 -0.12419073072455 0.565
6.43492306247382 0.660233711755163 -0.122023313103679 0.585
6.4838041846548 0.631028428335967 -0.10592745810815 0.605
6.56210720376396 0.627416312493001 -0.112366937804375 0.625
6.62030431285544 0.610872261058514 -0.107435665972917 0.645
6.64615508697688 0.615729495678045 -0.105825159787155 0.665
6.79691038019504 0.551613184593554 -0.0849225440643543 0.685
6.83071945622729 0.555598805466369 -0.0853602611637497 0.705
6.94927557125189 0.486577020782552 -0.0577229237910389 0.725
6.95786210816746 0.486586827939695 -0.0688710702979728 0.745
6.98119283150972 0.504912358895759 -0.0686925263342003 0.765
7.05624448268795 0.462666828667243 -0.0558498850544169 0.785
7.10855886468511 0.425754034127505 -0.047514284098728 0.805
7.1482492745296 0.401406487329816 -0.0418435143849723 0.825
7.18793968437409 0.377058940532127 -0.0361727446712167 0.845
7.2312244492487 0.350627877796906 -0.0385230182172655 0.865
7.25112530733765 0.336100589082379 -0.0305513373667206 0.885
7.28663881183297 0.299488364205768 -0.0237839414029475 0.905
